name: experiment_environment
channels:
- soft-matter
- pythonnet
- conda-forge
- defaults
dependencies:
- bzip2=1.0.6=vc9_1
- enum34=1.1.6=py27_1
- freetype=2.7=vc9_2
- hdf5=1.10.1=vc9_1
- icu=58.2=vc9_0
- jpeg=9b=vc9_2
- libiconv=1.14=vc9_4
- libpng=1.6.28=vc9_2
- libtiff=4.0.8=vc9_0
- libxml2=2.9.3=vc9_9
- lzo=2.10=vc9_0
- openssl=1.0.2l=vc9_0
- peakutils=1.1.0=py27_0
- pims=0.4.1=py_1
- python-utils=2.0.0=py27_0
- pyvisa=1.8=py27_0
- qt=4.8.7=vc9_6
- tifffile=0.12.1=py27_1
- tk=8.5.19=vc9_1
- yaml=0.1.6=vc9_0
- zlib=1.2.11=vc9_0
- backports=1.0=py27h6492d98_1
- backports.functools_lru_cache=1.4=py27h9586e20_1
- backports_abc=0.5=py27h0ec6b72_0
- bokeh=0.12.10=py27h5ac3b79_0
- ca-certificates=2017.08.26=h94faf87_0
- certifi=2017.7.27.1=py27hf761292_0
- click=6.7=py27hb6defca_0
- cloudpickle=0.5.2=py27h309b2ea_0
- cycler=0.10.0=py27h59acbbf_0
- dask=0.16.0=py27h359b70f_0
- dask-core=0.16.0=py27ha8db2d1_0
- decorator=4.1.2=py27h383e199_0
- distributed=1.20.0=py27h2b0e6f0_0
- funcsigs=1.0.2=py27h8885ae1_0
- functools32=3.2.3.2=py27h0cdbcdb_1
- futures=3.1.1=py27h71313b4_0
- heapdict=1.0.0=py27h5528e5e_0
- icc_rt=2017.0.4=h97af966_0
- imageio=2.2.0=py27h283db88_0
- intel-openmp=2018.0.0=hcd89f80_7
- jinja2=2.9.6=py27hb525989_1
- llvmlite=0.20.0=py27_0
- locket=0.2.0=py27h1ca288a_1
- markupsafe=1.0=py27h9d4480d_1
- matplotlib=1.5.1=np111py27_0
- mkl=2018.0.0=h36b65af_4
- msgpack-python=0.4.8=py27he0366a1_0
- networkx=2.0=py27h42253ca_0
- numba=0.35.0=np111py27_0
- numexpr=2.6.2=py27hc926330_2
- numpy=1.11.3=py27hab9e983_3
- pandas=0.21.0=py27h3b50df0_1
- partd=0.3.8=py27h1e0692f_0
- pil=1.1.7=py27_0
- pillow=3.0.0=py27_0
- pip=9.0.1=py27hdaa76b4_4
- psutil=5.4.0=py27h12f019a_0
- pyparsing=2.2.0=py27hc7d9fa6_1
- pyqt=4.11.4=py27_7
- pyserial=3.4=py27h96ca6da_0
- pytables=3.4.2=py27h583b7c0_2
- python=2.7.14=h8c3f1cb_23
- python-dateutil=2.6.1=py27hbdcc174_1
- pytz=2017.2=py27haecbe8f_1
- pywavelets=0.5.2=py27h0dc3f48_0
- pyyaml=3.12=py27ha287073_1
- scikit-image=0.13.0=py27h27e3c36_1
- scipy=1.0.0=py27h7cd1477_0
- setuptools=36.5.0=py27ha483b79_0
- singledispatch=3.4.0.3=py27h3f9d112_0
- sip=4.18=py27_0
- six=1.11.0=py27ha5e1701_1
- sortedcontainers=1.5.7=py27hb302113_0
- ssl_match_hostname=3.5.0.1=py27hea8a0f4_2
- tblib=1.3.2=py27h8ae915c_0
- toolz=0.8.2=py27h1873a47_0
- tornado=4.5.2=py27hbdd278e_0
- vc=9=h7299396_1
- vs2008_runtime=9.00.30729.1=hfaea7d5_1
- vs2015_runtime=14.0.25123=hd4c4e62_2
- wheel=0.29.0=py27hffb40b6_1
- wincertstore=0.2=py27hf04cefb_0
- zict=0.1.3=py27h0171463_0
- pythonnet=2.3.0=py27_0
- slicerator=0.9.7=py27_0
- trackpy=0.3.2=py27_1
- pip:
  - backports-abc==0.5
  - backports.functools-lru-cache==1.4
  - backports.ssl-match-hostname==3.5.0.1
  - tables==3.4.2
prefix: C:\Users\NV Experiment\AppData\Local\conda\conda\envs\experiment_environment

